0 243.32874130030982
 
1 247.39092705217752
 
2 243.36619327334344
 
3 251.7280191829342
 
4 253.99699467075462
 
5 265.943210229013
 
6 304.3359696436111
 
7 298.2480586408499
 
8 315.3601536919579
 
9 336.68984508518935
 
10 341.82149611269983
 
11 371.4009388525031
 
12 388.53252268021106
 
13 393.33840053991355
 
14 398.14427839961604
 
15 390.77044948991994
 
16 413.2686921490659
 
17 418.12980384349476
 
18 415.1369236013148
 
19 425.26862494926337
 
20 426.57809185538497
 
21 435.2613876712028
 
22 452.6279793028381
 
23 471.44297646660453
 
24 471.44297646660453
 
25 483.07336645285864
 
26 493.0661291747979
 
27 508.1905429242478
 
28 508.1905429242478
 
29 508.1905429242478
 
30 508.1905429242478
 
31 508.1905429242478
 
32 508.1905429242478
 
33 508.1905429242478
 
34 508.1905429242478
 
35 508.1905429242478
 
36 508.1905429242478
 
37 508.1905429242478
 
38 508.1905429242478
 
39 508.1905429242478
 
40 508.1905429242478
 
41 508.1905429242478
 
42 508.1905429242478
 
43 508.1905429242478
 
44 508.1905429242478
 
45 508.1905429242478
 
46 508.1905429242478
 
47 508.1905429242478
 
48 508.1905429242478
 
49 508.1905429242478
 
50 508.1905429242478
 
51 508.1905429242478
 
52 508.1905429242478
 
53 508.1905429242478
 
54 508.1905429242478
 
55 508.1905429242478
 
56 508.1905429242478
 
57 508.1905429242478
 
58 508.1905429242478
 
59 508.1905429242478
 
60 508.1905429242478
 
61 508.1905429242478
 
62 508.1905429242478
 
63 508.1905429242478
 
64 508.1905429242478
 
65 508.1905429242478
 
66 508.1905429242478
 
67 508.1905429242478
 
68 508.1905429242478
 
69 513.3221939517583
 
70 513.3221939517583
 
71 513.3221939517583
 
72 513.3221939517583
 
73 513.3221939517583
 
74 513.3221939517583
 
75 513.3221939517583
 
76 513.3221939517583
 
77 522.005489767576
 
78 522.005489767576
 
79 522.005489767576
 
80 522.005489767576
 
81 522.005489767576
 
82 522.005489767576
 
83 522.005489767576
 
84 522.005489767576
 
85 522.005489767576
 
86 522.005489767576
 
87 522.005489767576
 
88 522.005489767576
 
89 522.005489767576
 
90 522.005489767576
 
91 522.005489767576
 
92 522.005489767576
 
93 522.005489767576
 
94 522.005489767576
 
95 522.005489767576
 
96 522.005489767576
 
97 522.005489767576
 
98 522.005489767576
 
99 522.005489767576
 
100 522.005489767576
 
101 522.005489767576
 
102 522.005489767576
 
103 522.005489767576
 
104 522.005489767576
 
105 522.005489767576
 
106 522.005489767576
 
107 522.005489767576
 
108 522.005489767576
 
109 522.005489767576
 
110 522.005489767576
 
111 522.005489767576
 
112 522.005489767576
 
113 522.005489767576
 
114 522.005489767576
 
115 522.005489767576
 
116 522.005489767576
 
117 522.005489767576
 
118 522.005489767576
 
119 522.005489767576
 
120 516.8738387400655
 
121 516.8738387400655
 
122 516.8738387400655
 
123 522.005489767576
 
124 522.005489767576
 
125 522.005489767576
 
126 522.005489767576
 
127 522.005489767576
 
128 522.005489767576
 
129 522.005489767576
 
130 522.005489767576
 
131 522.005489767576
 
132 522.005489767576
 
133 522.005489767576
 
134 522.005489767576
 
135 522.005489767576
 
136 522.005489767576
 
137 522.005489767576
 
138 522.005489767576
 
139 522.005489767576
 
140 522.005489767576
 
141 522.005489767576
 
142 522.005489767576
 
143 522.005489767576
 
144 522.005489767576
 
145 522.005489767576
 
146 522.005489767576
 
147 522.005489767576
 
148 522.005489767576
 
149 522.005489767576
 
150 522.005489767576
 
151 522.005489767576
 
152 522.005489767576
 
153 522.005489767576
 
154 522.005489767576
 
155 522.005489767576
 
156 522.005489767576
 
157 522.005489767576
 
158 522.005489767576
 
159 522.005489767576
 
160 522.005489767576
 
161 522.005489767576
 
162 522.005489767576
 
163 522.005489767576
 
164 522.005489767576
 
165 522.005489767576
 
166 522.005489767576
 
167 522.005489767576
 
168 522.005489767576
 
169 522.005489767576
 
170 522.005489767576
 
171 522.005489767576
 
172 522.005489767576
 
173 516.8738387400655
 
174 522.005489767576
 
175 522.005489767576
 
176 522.005489767576
 
177 522.005489767576
 
178 522.005489767576
 
179 522.005489767576
 
180 522.005489767576
 
181 522.005489767576
 
182 522.005489767576
 
183 522.005489767576
 
184 522.005489767576
 
185 522.005489767576
 
186 522.005489767576
 
187 522.005489767576
 
188 522.005489767576
 
189 522.005489767576
 
190 522.005489767576
 
191 522.005489767576
 
192 522.005489767576
 
193 522.005489767576
 
194 522.005489767576
 
195 522.005489767576
 
196 522.005489767576
 
197 522.005489767576
 
198 522.005489767576
 
199 522.005489767576
 
200 522.005489767576
 
201 522.005489767576
 
202 522.005489767576
 
203 522.005489767576
 
204 522.005489767576
 
205 522.005489767576
 
206 522.005489767576
 
207 522.005489767576
 
208 522.005489767576
 
209 522.005489767576
 
210 522.005489767576
 
211 522.005489767576
 
212 522.005489767576
 
213 522.005489767576
 
214 522.005489767576
 
215 522.005489767576
 
216 522.005489767576
 
217 522.005489767576
 
218 522.005489767576
 
219 522.005489767576
 
220 516.8738387400656
 
221 516.8738387400656
 
222 516.8738387400656
 
223 516.8738387400656
 
224 516.8738387400656
 
225 506.74213739211694
 
226 506.74213739211694
 
227 506.74213739211694
 
228 506.74213739211694
 
229 506.74213739211694
 
230 506.74213739211694
 
231 506.74213739211694
 
232 506.74213739211694
 
233 506.74213739211694
 
234 506.74213739211694
 
235 506.74213739211694
 
236 506.74213739211694
 
237 506.74213739211694
 
238 506.74213739211694
 
239 506.74213739211694
 
240 506.74213739211694
 
241 506.74213739211694
 
242 506.74213739211694
 
243 516.8738387400656
 
244 516.8738387400656
 
245 516.8738387400656
 
246 516.8738387400656
 
247 516.8738387400656
 
248 516.8738387400656
 
249 516.8738387400656
 
250 516.8738387400656
 
251 516.8738387400656
 
252 516.8738387400656
 
253 516.8738387400656
 
254 516.8738387400656
 
255 516.8738387400656
 
256 516.8738387400656
 
257 516.8738387400656
 
258 516.8738387400656
 
259 516.8738387400656
 
260 516.8738387400656
 
261 516.8738387400656
 
262 516.8738387400656
 
263 516.8738387400656
 
264 516.8738387400656
 
265 516.8738387400656
 
266 516.8738387400656
 
267 516.8738387400656
 
268 516.8738387400656
 
269 516.8738387400656
 
270 516.8738387400656
 
271 516.8738387400656
 
272 516.8738387400656
 
273 516.8738387400656
 
274 516.8738387400656
 
275 516.8738387400656
 
276 516.8738387400656
 
277 516.8738387400656
 
278 516.8738387400656
 
279 512.4203063951709
 
280 512.4203063951709
 
281 512.4203063951709
 
282 512.4203063951709
 
283 512.4203063951709
 
284 516.8738387400656
 
285 516.8738387400656
 
286 516.8738387400656
 
287 516.8738387400656
 
288 516.8738387400656
 
289 516.8738387400656
 
290 516.8738387400656
 
291 516.8738387400656
 
292 516.8738387400656
 
293 516.8738387400656
 
294 516.8738387400656
 
295 516.8738387400656
 
296 516.8738387400656
 
297 516.8738387400656
 
298 516.8738387400656
 
299 516.8738387400656
 
300 516.8738387400656
 
301 516.8738387400656
 
302 516.8738387400656
 
303 516.8738387400656
 
304 516.8738387400656
 
305 516.8738387400656
 
306 516.8738387400656
 
307 516.8738387400656
 
308 516.8738387400656
 
309 516.8738387400656
 
310 516.8738387400656
 
311 516.8738387400656
 
312 516.8738387400656
 
313 516.8738387400656
 
314 516.8738387400656
 
315 516.8738387400656
 
316 516.8738387400656
 
317 516.8738387400656
 
318 516.8738387400656
 
319 516.8738387400656
 
320 516.8738387400656
 
321 516.8738387400656
 
322 506.74213739211694
 
323 516.8738387400656
 
324 516.8738387400656
 
325 516.8738387400656
 
326 516.8738387400656
 
327 516.8738387400656
 
328 516.8738387400656
 
329 516.8738387400656
 
330 516.8738387400656
 
331 516.8738387400656
 
332 516.8738387400656
 
333 516.8738387400656
 
334 516.8738387400656
 
335 516.8738387400656
 
336 516.8738387400656
 
337 516.8738387400656
 
338 516.8738387400656
 
339 516.8738387400656
 
340 516.8738387400656
 
341 516.8738387400656
 
342 516.8738387400656
 
343 516.8738387400656
 
344 516.8738387400656
 
345 516.8738387400656
 
346 516.8738387400656
 
347 516.8738387400656
 
348 516.8738387400656
 
349 516.8738387400656
 
350 516.8738387400656
 
351 516.8738387400656
 
352 516.8738387400656
 
353 516.8738387400656
 
354 516.8738387400656
 
355 516.8738387400656
 
356 516.8738387400656
 
357 516.8738387400656
 
358 516.8738387400656
 
359 516.8738387400656
 
360 516.8738387400656
 
361 516.8738387400656
 
362 516.8738387400656
 
363 516.8738387400656
 
364 516.8738387400656
 
365 516.8738387400656
 
366 516.8738387400656
 
367 516.8738387400656
 
368 516.8738387400656
 
369 516.8738387400656
 
370 516.8738387400656
 
371 516.8738387400656
 
372 516.8738387400656
 
373 516.8738387400656
 
374 516.8738387400656
 
375 516.8738387400656
 
376 516.8738387400656
 
377 516.8738387400656
 
378 516.8738387400656
 
379 516.8738387400656
 
380 516.8738387400656
 
381 516.8738387400656
 
382 516.8738387400656
 
383 501.6104863646064
 
384 516.8738387400656
 
385 516.8738387400656
 
386 516.8738387400656
 
387 516.8738387400656
 
388 516.8738387400656
 
389 516.8738387400656
 
390 516.8738387400656
 
391 516.8738387400656
 
392 516.8738387400656
 
393 516.8738387400656
 
394 516.8738387400656
 
395 516.8738387400656
 
396 516.8738387400656
 
397 516.8738387400656
 
398 516.8738387400656
 
399 516.8738387400656
 
400 516.8738387400656
 
401 516.8738387400656
 
402 516.8738387400656
 
403 516.8738387400656
 
404 516.8738387400656
 
405 516.8738387400656
 
406 516.8738387400656
 
407 516.8738387400656
 
408 516.8738387400656
 
409 516.8738387400656
 
410 516.8738387400656
 
411 516.8738387400656
 
412 516.8738387400656
 
413 516.8738387400656
 
414 516.8738387400656
 
415 516.8738387400656
 
416 516.8738387400656
 
417 516.8738387400656
 
418 516.8738387400656
 
419 516.8738387400656
 
420 516.8738387400656
 
421 516.8738387400656
 
422 516.8738387400656
 
423 516.8738387400656
 
424 516.8738387400656
 
425 516.8738387400656
 
426 516.8738387400656
 
427 516.8738387400656
 
428 516.8738387400656
 
429 516.8738387400656
 
430 516.8738387400656
 
431 516.8738387400656
 
432 516.8738387400656
 
433 516.8738387400656
 
434 516.8738387400656
 
435 516.8738387400656
 
436 516.8738387400656
 
437 516.8738387400656
 
438 516.8738387400656
 
439 511.74218771255505
 
440 511.74218771255505
 
441 511.74218771255505
 
442 511.74218771255505
 
443 511.74218771255505
 
444 511.74218771255505
 
445 516.8738387400656
 
446 516.8738387400656
 
447 516.8738387400656
 
448 516.8738387400656
 
449 516.8738387400656
 
0 239.4413313605861
 
1 245.865171922216
 
2 254.3134096136682
 
3 249.12900098444953
 
4 252.4715324027277
 
5 257.8080848316275
 
6 268.7807961472742
 
7 273.9714496649812
 
8 281.4107498434107
 
9 298.58599342310407
 
10 308.7176947710526
 
11 326.71703063077626
 
12 328.026497536898
 
13 333.65929208542434
 
14 333.65929208542434
 
15 331.97587874936596
 
16 340.65917456518366
 
17 340.65917456518366
 
18 350.7908759131323
 
19 355.9225269406428
 
20 375.23132970648817
 
21 405.4249233706615
 
22 434.3716218823765
 
23 434.3716218823765
 
24 443.0549176981942
 
25 477.13326723741966
 
26 494.4998588690551
 
27 513.3148560328214
 
28 513.3148560328214
 
29 513.3148560328214
 
30 513.3148560328214
 
31 513.3148560328214
 
32 513.3148560328214
 
33 513.3148560328214
 
34 513.3148560328214
 
35 513.3148560328214
 
36 513.3148560328214
 
37 513.3148560328214
 
38 513.3148560328214
 
39 513.3148560328214
 
40 513.3148560328214
 
41 513.3148560328214
 
42 513.3148560328214
 
43 513.3148560328214
 
44 513.3148560328214
 
45 513.3148560328214
 
46 513.3148560328214
 
47 513.3148560328214
 
48 513.3148560328214
 
49 513.3148560328214
 
50 513.3148560328214
 
51 513.3148560328214
 
52 513.3148560328214
 
53 513.3148560328214
 
54 513.3148560328214
 
55 513.3148560328214
 
56 513.3148560328214
 
57 513.3148560328214
 
58 513.3148560328214
 
59 513.3148560328214
 
60 513.3148560328214
 
61 513.3148560328214
 
62 513.3148560328214
 
63 513.3148560328214
 
64 513.3148560328214
 
65 513.3148560328214
 
66 513.3148560328214
 
67 513.3148560328214
 
68 513.3148560328214
 
69 513.3148560328214
 
70 513.3148560328214
 
71 513.3148560328214
 
72 513.3148560328214
 
73 513.3148560328214
 
74 513.3148560328214
 
75 513.3148560328214
 
76 513.3148560328214
 
77 513.3148560328214
 
78 513.3148560328214
 
79 513.3148560328214
 
80 513.3148560328214
 
81 513.3148560328214
 
82 513.3148560328214
 
83 513.3148560328214
 
84 513.3148560328214
 
85 513.3148560328214
 
86 513.3148560328214
 
87 513.3148560328214
 
88 513.3148560328214
 
89 513.3148560328214
 
90 513.3148560328214
 
91 513.3148560328214
 
92 513.3148560328214
 
93 513.3148560328214
 
94 513.3148560328214
 
95 513.3148560328214
 
96 513.3148560328214
 
97 513.3148560328214
 
98 513.3148560328214
 
99 513.3148560328214
 
100 503.18315468487276
 
101 503.18315468487276
 
102 503.18315468487276
 
103 503.18315468487276
 
104 503.18315468487276
 
105 503.18315468487276
 
106 503.18315468487276
 
107 503.18315468487276
 
108 503.18315468487276
 
109 503.18315468487276
 
110 503.18315468487276
 
111 503.18315468487276
 
112 503.18315468487276
 
113 503.18315468487276
 
114 503.18315468487276
 
115 503.18315468487276
 
116 503.18315468487276
 
117 503.18315468487276
 
118 503.18315468487276
 
119 503.18315468487276
 
120 503.18315468487276
 
121 503.18315468487276
 
122 503.18315468487276
 
123 503.18315468487276
 
124 503.18315468487276
 
125 503.18315468487276
 
126 503.18315468487276
 
127 503.18315468487276
 
128 503.18315468487276
 
129 503.18315468487276
 
130 503.18315468487276
 
131 503.18315468487276
 
132 503.18315468487276
 
133 503.18315468487276
 
134 503.18315468487276
 
135 503.18315468487276
 
136 503.18315468487276
 
137 503.18315468487276
 
138 503.18315468487276
 
139 503.18315468487276
 
140 503.18315468487276
 
141 503.18315468487276
 
142 503.18315468487276
 
143 503.18315468487276
 
144 503.18315468487276
 
145 503.18315468487276
 
146 503.18315468487276
 
147 503.18315468487276
 
148 503.18315468487276
 
149 503.18315468487276
 
150 503.18315468487276
 
151 503.18315468487276
 
152 503.18315468487276
 
153 503.18315468487276
 
154 503.18315468487276
 
155 503.18315468487276
 
156 503.18315468487276
 
157 503.18315468487276
 
158 503.18315468487276
 
159 503.18315468487276
 
160 503.18315468487276
 
161 503.18315468487276
 
162 503.18315468487276
 
163 503.18315468487276
 
164 494.4998588690551
 
165 494.4998588690551
 
166 494.4998588690551
 
167 494.4998588690551
 
168 494.4998588690551
 
169 494.4998588690551
 
170 494.4998588690551
 
171 494.4998588690551
 
172 494.4998588690551
 
173 494.4998588690551
 
174 494.4998588690551
 
175 494.4998588690551
 
176 494.4998588690551
 
177 494.4998588690551
 
178 494.4998588690551
 
179 494.4998588690551
 
180 494.4998588690551
 
181 494.4998588690551
 
182 494.4998588690551
 
183 494.4998588690551
 
184 494.4998588690551
 
185 494.4998588690551
 
186 494.4998588690551
 
187 494.4998588690551
 
188 494.4998588690551
 
189 494.4998588690551
 
190 494.4998588690551
 
191 494.4998588690551
 
192 494.4998588690551
 
193 494.4998588690551
 
194 494.4998588690551
 
195 494.4998588690551
 
196 494.4998588690551
 
197 494.4998588690551
 
198 494.4998588690551
 
199 494.4998588690551
 
200 494.4998588690551
 
201 494.4998588690551
 
202 494.4998588690551
 
203 494.4998588690551
 
204 494.4998588690551
 
205 494.4998588690551
 
206 494.4998588690551
 
207 494.4998588690551
 
208 494.4998588690551
 
209 494.4998588690551
 
210 494.4998588690551
 
211 494.4998588690551
 
212 494.4998588690551
 
213 494.4998588690551
 
214 494.4998588690551
 
215 494.4998588690551
 
216 494.4998588690551
 
217 494.4998588690551
 
218 494.4998588690551
 
219 494.4998588690551
 
220 494.4998588690551
 
221 494.4998588690551
 
222 494.4998588690551
 
223 494.4998588690551
 
224 494.4998588690551
 
225 494.4998588690551
 
226 494.4998588690551
 
227 494.4998588690551
 
228 494.4998588690551
 
229 494.4998588690551
 
230 494.4998588690551
 
231 494.4998588690551
 
232 494.4998588690551
 
233 494.4998588690551
 
234 494.4998588690551
 
235 494.4998588690551
 
236 494.4998588690551
 
237 494.4998588690551
 
238 494.4998588690551
 
239 494.4998588690551
 
240 494.4998588690551
 
241 494.4998588690551
 
242 494.4998588690551
 
243 494.4998588690551
 
244 494.4998588690551
 
245 494.4998588690551
 
246 494.4998588690551
 
247 494.4998588690551
 
248 494.4998588690551
 
249 494.4998588690551
 
250 494.4998588690551
 
251 494.4998588690551
 
252 494.4998588690551
 
253 494.4998588690551
 
254 494.4998588690551
 
255 494.4998588690551
 
256 494.4998588690551
 
257 494.4998588690551
 
258 494.4998588690551
 
259 494.4998588690551
 
260 494.4998588690551
 
261 494.4998588690551
 
262 494.4998588690551
 
263 494.4998588690551
 
264 494.4998588690551
 
265 494.4998588690551
 
266 494.4998588690551
 
267 494.4998588690551
 
268 494.4998588690551
 
269 494.4998588690551
 
270 494.4998588690551
 
271 494.4998588690551
 
272 494.4998588690551
 
273 494.4998588690551
 
274 494.4998588690551
 
275 494.4998588690551
 
276 494.4998588690551
 
277 494.4998588690551
 
278 494.4998588690551
 
279 494.4998588690551
 
280 494.4998588690551
 
281 494.4998588690551
 
282 494.4998588690551
 
283 494.4998588690551
 
284 494.4998588690551
 
285 494.4998588690551
 
286 494.4998588690551
 
287 494.4998588690551
 
288 494.4998588690551
 
289 494.4998588690551
 
290 494.4998588690551
 
291 494.4998588690551
 
292 494.4998588690551
 
293 494.4998588690551
 
294 494.4998588690551
 
295 494.4998588690551
 
296 494.4998588690551
 
297 494.4998588690551
 
298 494.4998588690551
 
299 494.4998588690551
 
300 494.4998588690551
 
301 494.4998588690551
 
302 494.4998588690551
 
303 494.4998588690551
 
304 494.4998588690551
 
305 494.4998588690551
 
306 494.4998588690551
 
307 494.4998588690551
 
308 494.4998588690551
 
309 494.4998588690551
 
310 494.4998588690551
 
311 494.4998588690551
 
312 494.4998588690551
 
313 494.4998588690551
 
314 494.4998588690551
 
315 494.4998588690551
 
316 494.4998588690551
 
317 494.4998588690551
 
318 494.4998588690551
 
319 494.4998588690551
 
320 494.4998588690551
 
321 494.4998588690551
 
322 494.4998588690551
 
323 494.4998588690551
 
324 494.4998588690551
 
325 494.4998588690551
 
326 494.4998588690551
 
327 494.4998588690551
 
328 494.4998588690551
 
329 494.4998588690551
 
330 494.4998588690551
 
331 494.4998588690551
 
332 494.4998588690551
 
333 494.4998588690551
 
334 494.4998588690551
 
335 494.4998588690551
 
336 494.4998588690551
 
337 494.4998588690551
 
338 494.4998588690551
 
339 494.4998588690551
 
340 494.4998588690551
 
341 494.4998588690551
 
342 494.4998588690551
 
343 494.4998588690551
 
344 494.4998588690551
 
345 494.4998588690551
 
346 494.4998588690551
 
347 494.4998588690551
 
348 494.4998588690551
 
349 494.4998588690551
 
350 494.4998588690551
 
351 494.4998588690551
 
352 494.4998588690551
 
353 494.4998588690551
 
354 494.4998588690551
 
355 494.4998588690551
 
356 494.4998588690551
 
357 494.4998588690551
 
358 494.4998588690551
 
359 494.4998588690551
 
360 494.4998588690551
 
361 494.4998588690551
 
362 494.4998588690551
 
363 494.4998588690551
 
364 494.4998588690551
 
365 494.4998588690551
 
366 494.4998588690551
 
367 494.4998588690551
 
368 494.4998588690551
 
369 494.4998588690551
 
370 494.4998588690551
 
371 494.4998588690551
 
372 494.4998588690551
 
373 494.4998588690551
 
374 494.4998588690551
 
375 494.4998588690551
 
376 494.4998588690551
 
377 494.4998588690551
 
378 494.4998588690551
 
379 494.4998588690551
 
380 494.4998588690551
 
381 494.4998588690551
 
382 494.4998588690551
 
383 494.4998588690551
 
384 494.4998588690551
 
385 494.4998588690551
 
386 494.4998588690551
 
387 494.4998588690551
 
388 494.4998588690551
 
389 494.4998588690551
 
390 494.4998588690551
 
391 494.4998588690551
 
392 494.4998588690551
 
393 494.4998588690551
 
394 494.4998588690551
 
395 494.4998588690551
 
396 494.4998588690551
 
397 494.4998588690551
 
398 494.4998588690551
 
399 494.4998588690551
 
400 494.4998588690551
 
401 494.4998588690551
 
402 494.4998588690551
 
403 494.4998588690551
 
404 494.4998588690551
 
405 494.4998588690551
 
406 494.4998588690551
 
407 494.4998588690551
 
408 494.4998588690551
 
409 494.4998588690551
 
410 494.4998588690551
 
411 494.4998588690551
 
412 494.4998588690551
 
413 494.4998588690551
 
414 494.4998588690551
 
415 494.4998588690551
 
416 494.4998588690551
 
417 494.4998588690551
 
418 494.4998588690551
 
419 494.4998588690551
 
420 494.4998588690551
 
421 494.4998588690551
 
422 494.4998588690551
 
423 494.4998588690551
 
424 494.4998588690551
 
425 494.4998588690551
 
426 494.4998588690551
 
427 494.4998588690551
 
428 494.4998588690551
 
429 494.4998588690551
 
430 494.4998588690551
 
431 494.4998588690551
 
432 494.4998588690551
 
433 494.4998588690551
 
434 494.4998588690551
 
435 494.4998588690551
 
436 494.4998588690551
 
437 494.4998588690551
 
438 494.4998588690551
 
439 494.4998588690551
 
440 494.4998588690551
 
441 494.4998588690551
 
442 494.4998588690551
 
443 494.4998588690551
 
444 494.4998588690551
 
445 494.4998588690551
 
446 494.4998588690551
 
447 494.4998588690551
 
448 494.4998588690551
 
449 494.4998588690551
 
0 220.667152134194
 
1 219.71989012307898
 
2 240.24556856993223
 
3 249.5555495180002
 
4 270.58549588632525
 
5 274.6413207895637
 
6 273.2258210829307
 
7 276.3481058080258
 
8 295.4569996989452
 
9 308.4652016291305
 
10 308.82740652413713
 
11 323.76498573178816
 
12 328.62609742621703
 
13 338.75779877416556
 
14 338.75779877416556
 
15 352.57274561749387
 
16 352.57274561749387
 
17 357.7043966450043
 
18 366.74989735582875
 
19 380.5648441991569
 
20 390.6965455471055
 
21 407.9670680008228
 
22 408.4682115218386
 
23 417.6526508586723
 
24 426.33594667448995
 
25 445.1509438382563
 
26 463.82700237601324
 
27 468.9586534035238
 
28 468.9586534035238
 
29 468.9586534035238
 
30 468.9586534035238
 
31 468.9586534035238
 
32 468.9586534035238
 
33 468.9586534035238
 
34 468.9586534035238
 
35 468.9586534035238
 
36 468.9586534035238
 
37 468.9586534035238
 
38 468.9586534035238
 
39 468.9586534035238
 
40 468.9586534035238
 
41 468.9586534035238
 
42 468.9586534035238
 
43 468.9586534035238
 
44 468.9586534035238
 
45 468.9586534035238
 
46 468.9586534035238
 
47 468.9586534035238
 
48 468.9586534035238
 
49 468.9586534035238
 
50 468.9586534035238
 
51 468.9586534035238
 
52 468.9586534035238
 
53 468.9586534035238
 
54 468.9586534035238
 
55 468.9586534035238
 
56 468.9586534035238
 
57 468.9586534035238
 
58 468.9586534035238
 
59 468.9586534035238
 
60 468.9586534035238
 
61 468.9586534035238
 
62 468.9586534035238
 
63 468.9586534035238
 
64 468.9586534035238
 
65 468.9586534035238
 
66 468.9586534035238
 
67 468.9586534035238
 
68 468.9586534035238
 
69 468.9586534035238
 
70 468.9586534035238
 
71 468.9586534035238
 
72 468.9586534035238
 
73 468.9586534035238
 
74 468.9586534035238
 
75 468.9586534035238
 
76 468.9586534035238
 
77 468.9586534035238
 
78 468.9586534035238
 
79 468.9586534035238
 
80 468.9586534035238
 
81 468.9586534035238
 
82 468.9586534035238
 
83 468.9586534035238
 
84 468.9586534035238
 
85 468.9586534035238
 
86 468.9586534035238
 
87 468.9586534035238
 
88 468.9586534035238
 
89 468.9586534035238
 
90 468.9586534035238
 
91 468.9586534035238
 
92 468.1092662391161
 
93 468.1092662391161
 
94 468.1092662391161
 
95 468.9586534035238
 
96 468.9586534035238
 
97 468.9586534035238
 
98 468.9586534035238
 
99 468.9586534035238
 
100 468.9586534035238
 
101 468.9586534035238
 
102 468.9586534035238
 
103 468.9586534035238
 
104 468.9586534035238
 
105 468.9586534035238
 
106 468.9586534035238
 
107 468.9586534035238
 
108 468.9586534035238
 
109 468.9586534035238
 
110 468.9586534035238
 
111 468.9586534035238
 
112 468.9586534035238
 
113 468.9586534035238
 
114 468.9586534035238
 
115 468.9586534035238
 
116 468.9586534035238
 
117 468.9586534035238
 
118 468.9586534035238
 
119 468.9586534035238
 
120 468.9586534035238
 
121 468.9586534035238
 
122 468.9586534035238
 
123 468.9586534035238
 
124 458.82695205557525
 
125 468.45750988250796
 
126 468.9586534035238
 
127 468.9586534035238
 
128 468.9586534035238
 
129 468.9586534035238
 
130 468.9586534035238
 
131 468.9586534035238
 
132 468.9586534035238
 
133 468.9586534035238
 
134 468.9586534035238
 
135 468.9586534035238
 
136 468.9586534035238
 
137 468.9586534035238
 
138 468.9586534035238
 
139 468.9586534035238
 
140 468.9586534035238
 
141 460.2753575877061
 
142 468.9586534035238
 
143 468.9586534035238
 
144 468.9586534035238
 
145 468.9586534035238
 
146 468.9586534035238
 
147 468.9586534035238
 
148 468.9586534035238
 
149 468.9586534035238
 
150 468.9586534035238
 
151 468.9586534035238
 
152 468.9586534035238
 
153 468.9586534035238
 
154 468.9586534035238
 
155 468.9586534035238
 
156 468.9586534035238
 
157 468.9586534035238
 
158 468.9586534035238
 
159 468.9586534035238
 
160 468.9586534035238
 
161 468.9586534035238
 
162 468.9586534035238
 
163 468.9586534035238
 
164 468.9586534035238
 
165 468.9586534035238
 
166 468.9586534035238
 
167 468.9586534035238
 
168 468.9586534035238
 
169 468.9586534035238
 
170 468.9586534035238
 
171 468.9586534035238
 
172 468.9586534035238
 
173 468.9586534035238
 
174 468.9586534035238
 
175 468.9586534035238
 
176 468.9586534035238
 
177 468.9586534035238
 
178 468.9586534035238
 
179 468.9586534035238
 
180 468.9586534035238
 
181 468.9586534035238
 
182 468.9586534035238
 
183 468.9586534035238
 
184 468.9586534035238
 
185 468.9586534035238
 
186 468.9586534035238
 
187 468.9586534035238
 
188 468.9586534035238
 
189 468.9586534035238
 
190 468.9586534035238
 
191 468.9586534035238
 
192 468.9586534035238
 
193 463.82700237601335
 
194 468.9586534035238
 
195 468.9586534035238
 
196 468.9586534035238
 
197 468.9586534035238
 
198 468.9586534035238
 
199 468.9586534035238
 
200 468.9586534035238
 
201 468.9586534035238
 
202 468.9586534035238
 
203 468.9586534035238
 
204 468.9586534035238
 
205 468.9586534035238
 
206 468.9586534035238
 
207 468.9586534035238
 
208 468.9586534035238
 
209 468.9586534035238
 
210 468.9586534035238
 
211 468.9586534035238
 
212 468.9586534035238
 
213 468.9586534035238
 
214 468.9586534035238
 
215 468.9586534035238
 
216 468.9586534035238
 
217 468.9586534035238
 
218 468.9586534035238
 
219 468.9586534035238
 
220 468.9586534035238
 
221 468.9586534035238
 
222 468.9586534035238
 
223 468.9586534035238
 
224 468.9586534035238
 
225 468.9586534035238
 
226 468.9586534035238
 
227 468.9586534035238
 
228 468.9586534035238
 
229 468.9586534035238
 
230 468.9586534035238
 
231 468.9586534035238
 
232 468.9586534035238
 
233 468.9586534035238
 
234 468.9586534035238
 
235 468.9586534035238
 
236 468.9586534035238
 
237 468.9586534035238
 
238 468.9586534035238
 
239 468.9586534035238
 
240 468.9586534035238
 
241 468.9586534035238
 
242 468.9586534035238
 
243 468.9586534035238
 
244 468.9586534035238
 
245 468.9586534035238
 
246 468.9586534035238
 
247 460.2753575877061
 
248 468.9586534035238
 
249 468.9586534035238
 
250 468.9586534035238
 
251 468.9586534035238
 
252 468.9586534035238
 
253 468.9586534035238
 
254 468.9586534035238
 
255 468.9586534035238
 
256 468.9586534035238
 
257 469.15282586425946
 
258 468.9586534035238
 
259 468.9586534035238
 
260 468.9586534035238
 
261 468.9586534035238
 
262 468.9586534035238
 
263 468.9586534035238
 
264 468.9586534035238
 
265 468.9586534035238
 
266 468.9586534035238
 
267 468.9586534035238
 
268 468.9586534035238
 
269 468.9586534035238
 
270 468.9586534035238
 
271 468.9586534035238
 
272 468.9586534035238
 
273 468.9586534035238
 
274 460.2753575877061
 
275 468.9586534035238
 
276 468.9586534035238
 
277 468.9586534035238
 
278 468.9586534035238
 
279 468.9586534035238
 
280 468.9586534035238
 
281 468.9586534035238
 
282 468.9586534035238
 
283 468.9586534035238
 
284 468.9586534035238
 
285 468.9586534035238
 
286 468.9586534035238
 
287 468.9586534035238
 
288 468.9586534035238
 
289 468.9586534035238
 
290 468.9586534035238
 
291 468.9586534035238
 
292 468.9586534035238
 
293 468.9586534035238
 
294 468.9586534035238
 
295 468.9586534035238
 
296 468.9586534035238
 
297 468.9586534035238
 
298 468.9586534035238
 
299 468.9586534035238
 
300 468.9586534035238
 
301 468.9586534035238
 
302 468.9586534035238
 
303 468.9586534035238
 
304 468.9586534035238
 
305 464.09754170909497
 
306 468.9586534035238
 
307 468.9586534035238
 
308 468.9586534035238
 
309 468.9586534035238
 
310 468.9586534035238
 
311 468.9586534035238
 
312 468.9586534035238
 
313 468.9586534035238
 
314 468.1092662391162
 
315 468.9586534035238
 
316 468.9586534035238
 
317 468.9586534035238
 
318 468.9586534035238
 
319 468.9586534035238
 
320 468.9586534035238
 
321 468.9586534035238
 
322 468.9586534035238
 
323 468.9586534035238
 
324 468.1092662391161
 
325 468.1092662391161
 
326 468.1092662391161
 
327 468.1092662391161
 
328 468.1092662391161
 
329 468.1092662391161
 
330 468.1092662391161
 
331 468.9586534035238
 
332 468.9586534035238
 
333 468.9586534035238
 
334 468.9586534035238
 
335 468.9586534035238
 
336 468.9586534035238
 
337 468.9586534035238
 
338 468.9586534035238
 
339 468.9586534035238
 
340 468.9586534035238
 
341 468.9586534035238
 
342 468.9586534035238
 
343 468.9586534035238
 
344 468.9586534035238
 
345 468.9586534035238
 
346 468.9586534035238
 
347 467.6491864974021
 
348 468.9586534035238
 
349 468.9586534035238
 
350 468.9586534035238
 
351 468.9586534035238
 
352 468.9586534035238
 
353 468.9586534035238
 
354 468.9586534035238
 
355 468.9586534035238
 
356 468.9586534035238
 
357 468.9586534035238
 
358 468.9586534035238
 
359 468.9586534035238
 
360 468.9586534035238
 
361 468.9586534035238
 
362 468.9586534035238
 
363 468.9586534035238
 
364 468.9586534035238
 
365 468.9586534035238
 
366 468.9586534035238
 
367 468.9586534035238
 
368 468.9586534035238
 
369 468.9586534035238
 
370 468.9586534035238
 
371 468.9586534035238
 
372 468.9586534035238
 
373 468.9586534035238
 
374 468.9586534035238
 
375 468.9586534035238
 
376 468.9586534035238
 
377 468.9586534035238
 
378 468.9586534035238
 
379 468.9586534035238
 
380 468.9586534035238
 
381 468.9586534035238
 
382 468.9586534035238
 
383 468.9586534035238
 
384 468.9586534035238
 
385 468.9586534035238
 
386 468.9586534035238
 
387 468.9586534035238
 
388 468.9586534035238
 
389 468.9586534035238
 
390 468.9586534035238
 
391 468.9586534035238
 
392 468.9586534035238
 
393 468.9586534035238
 
394 468.9586534035238
 
395 468.9586534035238
 
396 468.9586534035238
 
397 468.9586534035238
 
398 468.9586534035238
 
399 468.9586534035238
 
400 468.9586534035238
 
401 468.9586534035238
 
402 468.9586534035238
 
403 468.9586534035238
 
404 468.9586534035238
 
405 468.9586534035238
 
406 468.9586534035238
 
407 468.9586534035238
 
408 468.9586534035238
 
409 458.82695205557525
 
410 468.9586534035238
 
411 468.9586534035238
 
412 468.9586534035238
 
413 468.9586534035238
 
414 468.9586534035238
 
415 468.9586534035238
 
416 468.9586534035238
 
417 468.9586534035238
 
418 468.9586534035238
 
419 468.9586534035238
 
420 468.9586534035238
 
421 468.9586534035238
 
422 468.9586534035238
 
423 468.9586534035238
 
424 468.9586534035238
 
425 468.9586534035238
 
426 468.9586534035238
 
427 468.9586534035238
 
428 468.9586534035238
 
429 468.9586534035238
 
430 468.9586534035238
 
431 468.9586534035238
 
432 468.9586534035238
 
433 468.9586534035238
 
434 468.9586534035238
 
435 468.9586534035238
 
436 468.9586534035238
 
437 468.9586534035238
 
438 468.9586534035238
 
439 468.9586534035238
 
440 468.9586534035238
 
441 468.9586534035238
 
442 468.9586534035238
 
443 468.9586534035238
 
444 468.9586534035238
 
445 468.9586534035238
 
446 460.2753575877061
 
447 468.9586534035238
 
448 468.9586534035238
 
449 468.9586534035238
 
